4.472035871422386677e+00 2.327018073854789204e+00
2.966818370683054873e+00 2.625171886804763766e+00
2.221199437467248572e+00 3.169303404686077741e+00
1.458658864728294091e+00 1.972788323084636142e+00
3.717244259137140183e-01 3.080395284273805601e+00
2.286097557248444545e+00 3.093301166041578565e+00
3.649323542501210493e+00 9.120332284531754707e-01
1.773824956156609733e+00 4.147561710175271088e+00
2.832628986585256303e+00 8.275386533182562676e-01
3.372704245920098209e+00 1.974565879301326543e-02
3.126681917237457586e+00 2.469928849587078368e+00
3.234078655267053293e+00 5.716691568678954338e-01
2.955886964143872309e+00 3.610593999379417829e-01
1.595337910563982664e+00 2.520211151538145788e+00
3.106787037107857863e+00 3.836426443541193443e+00
9.144746447901480613e-01 3.542436264430794957e+00
2.229362443089256018e+00 3.952776853832570936e+00
1.883228068888354922e+00 1.227227328871421275e+00
4.056998517088263867e+00 1.125018479135380778e+00
4.759592763002789439e+00 2.044804681709869731e-01
-7.081446257566246238e-01 2.196824699768526123e+00
2.529810982093268379e+00 1.536807329353452545e+00
9.668675230890556582e-01 1.798863624349494872e+00
4.084337598518098744e+00 -1.266509555380868068e-01
2.965713097091391859e+00 2.614520177308176763e+00
2.619664403627932625e+00 4.660387079967176494e-02
4.665140083598569021e-01 8.660978038507525234e-01
3.726264723715910776e-02 3.656103211193045155e+00
2.292729767327380541e-01 2.030923808215689519e+00
5.630903746217253980e-01 2.544741702873717148e+00
5.950466338569713187e-01 4.160759708216099639e+00
-5.676341106132736236e-01 2.197380493934247170e+00
1.184602547854777033e+00 2.857372063419667985e+00
2.178402659546562870e+00 2.369081204387947448e+00
4.178691115410388512e+00 4.801427613510518277e-01
1.109133620938454357e+00 4.612222575509326461e+00
4.098825314413085508e+00 -4.928190298723866825e-02
7.572998102966159717e-01 4.088349291866978596e+00
3.364191854723714847e-01 3.181037599339702648e+00
1.232661187921719304e+00 2.423873617514629597e+00
4.237790533064337950e+00 6.606733752007728500e-01
2.153238983466680523e+00 3.330722301782606642e+00
3.983582032023885944e+00 1.669508079115225030e+00
1.376042374950716685e+00 1.351531353532230417e+00
1.764936620569555137e+00 1.164421268927876341e+00
3.823803024991973665e+00 1.677273335318668179e+00
3.479964936752245830e+00 5.409265602509845117e-01
-2.676817950387524458e-01 2.357434740291260766e+00
2.782871186931856311e+00 6.680382893676797273e-01
3.136562079995628416e+00 1.350879100547250244e+00
1.562521021925590503e+00 2.758053086237221230e+00
-1.790346117667958037e-01 2.546872953416306817e+00
3.316192241175597744e+00 -1.020735405326167911e+00
1.054944256852569318e+00 3.279569217941029180e+00
3.604992709780954208e+00 2.664167015907761282e+00
4.317152605468728588e+00 5.038016099713340523e-01
1.108898578772002708e+00 4.275169873146077215e+00
3.686742257958942615e-01 2.615503214775990681e+00
2.996467179686935545e+00 8.162819507459251334e-01
8.729610714999740395e-01 2.241303380514800381e+00
7.622128345569307850e-01 3.164174747400105403e+00
9.254472505231545743e-01 2.438717001001745377e+00
2.241991959918494093e+00 -4.377590230687244954e-01
1.675819548742432996e+00 4.620615335076455610e-01
1.737534288675713245e+00 3.801293147031543640e+00
1.240559035200221816e+00 4.343164788000167142e+00
3.902182662294378712e+00 2.099675987682867451e+00
2.518317570685686846e+00 5.125949045229385881e+00
2.399637089858028816e+00 1.329600710815528997e+00
3.812709525297548474e+00 1.123038535967620266e+00
2.104872269142636920e+00 1.311731109876397072e+00
2.023591269953016969e+00 1.475256578959136089e+00
1.012108757281465987e+00 2.731779352771099401e+00
4.196566811250090012e+00 2.583386395119847911e+00
2.082824108544612862e+00 1.876140838684656087e+00
6.522845156086769514e-01 4.110849423598073038e+00
2.920207649154562990e+00 2.706705962659016196e-01
2.758819005708456285e+00 -1.672214430359013626e-01
2.665784579628828421e+00 1.073711903782739396e+00
3.683438037376005170e+00 4.736250423043045776e-01
6.545981599359584902e-01 4.074199782867490072e+00
2.946884363361614412e+00 1.178602740126971415e+00
1.535642718993281974e+00 1.620966201390082961e+00
7.269039438065383330e-01 3.321651850206742917e+00
1.678234830428912971e+00 1.859166854574036742e+00
4.172264848677391669e+00 7.033556958318072372e-01
1.027997790816203016e+00 2.848255096350874371e+00
2.943767926809772284e+00 4.853567985859393863e-01
3.269756572185536836e+00 1.405344128722019192e-02
2.282527590537156925e+00 3.707977924258379243e+00
2.616203788829800203e+00 1.344992941147405086e+00
1.693292913836420555e+00 6.970901840570409291e-01
2.354946207371552358e+00 1.910634828962933351e+00
3.431871900270461406e+00 1.799744299778522905e+00
1.866651589104677544e+00 2.014657495247178964e+00
3.321639450638047553e+00 2.713331302205961304e-01
2.470218634251875933e+00 2.232269876279415310e+00
9.754327248014353913e-01 3.885758640846359580e+00
2.130740811289631775e+00 -1.864943102659881724e-01
1.249909886813484805e+00 9.351197430666345900e-01
1.898367810155086044e+00 3.961452981010064711e+00
2.875024120001832717e+00 1.073086014165686164e+00
1.143886314187106290e+00 1.543008875990814932e+00
3.421276429942087471e+00 1.537848507455980229e+00
3.238921109321744041e+00 5.970942841298036985e-01
1.763419614020530268e+00 2.035151845248016400e+00
3.566180998316623274e+00 2.577413168446216485e-01
6.886088069139946199e-01 3.099491680427505003e+00
4.962956377970199284e+00 3.189858916394502364e-01
1.544679433494855703e+00 1.582542289547541614e+00
2.447472210334849407e+00 9.273202694489124376e-01
1.421639797240608516e+00 3.299701092851499151e+00
3.502436471471908508e+00 1.235237565857608910e+00
6.402788650827133665e-01 1.751675144643706439e+00
5.053005771401982704e-01 3.097870284525207296e+00
7.716394544807863021e-01 2.386590582194917154e+00
3.726830248186413730e+00 1.306971571478904526e+00
2.917073379631061947e+00 2.015980437935853686e+00
3.212057844782906013e+00 8.695454977956440512e-01
1.151680411362134171e+00 4.151769975072625130e+00
2.533335225909998822e+00 1.268593369829505768e+00
2.740576145983576684e+00 8.907120246979787215e-01
1.140378868818741287e+00 2.045947563168968308e+00
4.162272808586817696e+00 2.542841671881352905e+00
1.131322752057771108e+00 3.860936301954759564e+00
2.373144756538377198e+00 1.011530302570647022e+00
1.097819222642040238e-01 2.449621640556638891e+00
4.666835976685582033e+00 1.930232520167800558e+00
2.934599124533271652e+00 1.238263452689671862e+00
9.439092144545946361e-01 2.156608968655152392e+00
1.021133443597216139e+00 2.742803733026792035e+00
1.367573651483568131e+00 3.027378734908049207e+00
3.255978764993053609e+00 6.984730251916226873e-01
3.126252285254036423e+00 1.555856396069527747e+00
2.750098804276917441e+00 1.331322729797644211e+00
1.440656236344312280e+00 3.420819948148671852e+00
2.683040356786296154e+00 4.406367411436608039e-01
1.393096598009409881e+00 1.884885784613297810e+00
3.475548277088488458e+00 1.882630226439720111e+00
3.790752500961425575e+00 3.357607336702286283e-01
3.295059788154798053e+00 2.272158436276423110e+00
1.803670117291243047e+00 6.850580468209912510e-01
2.807285795377540527e+00 7.690759104531113000e-01
-1.080082976672906980e-01 3.677144623694050374e+00
3.847394406221532615e-01 2.314866603172321291e+00
1.571153547859919453e+00 3.973158618871408088e+00
1.016806919892504046e+00 3.395986622669207478e+00
3.137028602922416809e+00 5.487113752219026086e-01
3.897282388619487836e+00 -2.771899465474403357e-02
-5.505450593755232269e-01 3.504559744536610566e+00
-1.660238029457501430e-01 2.963239669782301355e+00
8.844660329631536255e-01 2.699562047793728325e+00
3.699700030434790676e+00 2.278079540707714123e+00
-8.280428204133549741e-01 3.245833205111767317e+00
1.276683242974463672e+00 4.554319538622549679e+00
3.823141160903393398e+00 1.047991189163140602e+00
2.317211631812043926e+00 5.152026217664605667e+00
1.140654498438912867e+00 4.966463526946543361e+00
4.265102287860180752e+00 4.061718479991703878e-01
1.726265584750216409e+00 3.081521529884385657e+00
2.467276719556500630e+00 1.072032279288770873e+00
-3.236241773654175979e-01 2.238337988952898705e+00
3.429804419288035033e-01 2.248770641862237518e+00
1.275532749402649824e+00 2.915319541974459749e+00
1.071607805840734340e+00 2.629278848808640046e+00
1.998167074719241931e+00 1.321623064703583594e+00
3.273185929495708635e+00 -2.736636783555979058e-01
3.687754012431974981e+00 1.416087172081362144e+00
5.495328879825921442e-01 2.097696382095664891e+00
4.633237826228789880e-01 6.892031604014587920e-01
6.765736005520722740e-01 3.947428552731122142e+00
1.500828415675144134e+00 1.625785029737298215e+00
5.597898718281985042e-01 2.814449204484262168e+00
3.881594557833579540e+00 2.163027830155996423e+00
8.294186675026734568e-01 3.243059875305316808e+00
1.397275187746811254e+00 4.974678658626695338e+00
1.380894596990447143e+00 2.814340496547590664e+00
3.143851265689432850e+00 8.431204026509643290e-01
3.521085664962509298e+00 3.481991334276701711e-02
2.711306205520591650e-01 3.060010061097900191e+00
7.325559290215353236e-01 1.669542329949946780e+00
4.730249663650161196e+00 1.721807687216832861e+00
3.114326918174541436e-01 1.702334006203649386e+00
1.335531639257397485e+00 4.796083954256888049e+00
1.697792286476836221e+00 3.221367782690801596e-01
2.159013806752738684e+00 6.009519754316099416e-01
2.214723347667029163e+00 -3.169754591734541549e-02
1.972751647563180555e+00 2.425054732207950092e+00
2.146208201664361326e-01 2.914430924295223324e+00
3.700085824932400680e+00 1.033134542303335346e+00
8.375040269415701122e-01 1.130020088046612026e+00
-3.321603967012465297e-02 2.687670573611678382e+00
2.803881393242434461e-01 2.790155293611611409e+00
3.594390836815978485e+00 1.721554026429644724e+00
1.123682671241006181e+00 1.765498469070906573e+00
2.100238718366624457e+00 2.434681078761841810e+00
1.913562193825475211e+00 1.541598898903562054e+00
3.010293241480383575e+00 1.239305582350435753e+00
4.072024090732552892e+00 2.046292314947382618e+00
1.876042704007544026e+00 -7.896311368333173153e-01
